23:04:52 [INF Program] Boiling, You're just a miserable copy of me!
23:04:52 [FTL Program] No, I'm the upgrade!
0,00000 0,00000 0,00000E+000 0,00000E+000
0,00400 0,00000 0,00000E+000 0,00000E+000
0,00800 0,00000 0,00000E+000 0,00000E+000
0,01200 0,00000 0,00000E+000 0,00000E+000
0,01600 0,00000 0,00000E+000 0,00000E+000
0,02000 0,00000 0,00000E+000 0,00000E+000
0,02400 0,00000 0,00000E+000 0,00000E+000
0,02800 0,00000 0,00000E+000 0,00000E+000
0,03200 0,00000 0,00000E+000 0,00000E+000
0,03600 0,00000 0,00000E+000 0,00000E+000
0,04000 0,00000 0,00000E+000 0,00000E+000
0,04400 0,00000 0,00000E+000 0,00000E+000
0,04800 0,00000 0,00000E+000 0,00000E+000
0,05200 0,00000 0,00000E+000 0,00000E+000
0,05600 0,00000 0,00000E+000 0,00000E+000
0,06000 0,00000 0,00000E+000 0,00000E+000
0,06400 0,00000 0,00000E+000 0,00000E+000
0,06800 0,00000 0,00000E+000 0,00000E+000
0,07200 0,00000 0,00000E+000 0,00000E+000
0,07600 0,00000 0,00000E+000 0,00000E+000
0,08000 0,00000 0,00000E+000 0,00000E+000
0,00000 0,00450 0,00000E+000 -0,00000E+000
0,00400 0,00450 2,00000E-004 0,00000E+000
0,00800 0,00450 2,00000E-004 0,00000E+000
0,01200 0,00450 2,00000E-004 0,00000E+000
0,01600 0,00450 2,00000E-004 0,00000E+000
0,02000 0,00450 2,00000E-004 0,00000E+000
0,02400 0,00450 2,00000E-004 0,00000E+000
0,02800 0,00450 2,00000E-004 0,00000E+000
0,03200 0,00450 2,00000E-004 0,00000E+000
0,03600 0,00450 2,00000E-004 0,00000E+000
0,04000 0,00450 2,00000E-004 0,00000E+000
0,04400 0,00450 2,00000E-004 0,00000E+000
0,04800 0,00450 2,00000E-004 0,00000E+000
0,05200 0,00450 2,00000E-004 0,00000E+000
0,05600 0,00450 2,00000E-004 0,00000E+000
0,06000 0,00450 2,00000E-004 0,00000E+000
0,06400 0,00450 2,00000E-004 0,00000E+000
0,06800 0,00450 2,00000E-004 0,00000E+000
0,07200 0,00450 2,00000E-004 0,00000E+000
0,07600 0,00450 2,00000E-004 0,00000E+000
0,08000 0,00450 -0,00000E+000 -2,22045E-019
0,00000 0,00900 0,00000E+000 -0,00000E+000
0,00400 0,00900 0,00000E+000 -2,00000E-004
0,00800 0,00900 4,00000E-004 0,00000E+000
0,01200 0,00900 4,00000E-004 0,00000E+000
0,01600 0,00900 4,00000E-004 0,00000E+000
0,02000 0,00900 4,00000E-004 0,00000E+000
0,02400 0,00900 4,00000E-004 0,00000E+000
0,02800 0,00900 4,00000E-004 0,00000E+000
0,03200 0,00900 4,00000E-004 0,00000E+000
0,03600 0,00900 4,00000E-004 0,00000E+000
0,04000 0,00900 4,00000E-004 0,00000E+000
0,04400 0,00900 4,00000E-004 0,00000E+000
0,04800 0,00900 4,00000E-004 0,00000E+000
0,05200 0,00900 4,00000E-004 0,00000E+000
0,05600 0,00900 4,00000E-004 0,00000E+000
0,06000 0,00900 4,00000E-004 0,00000E+000
0,06400 0,00900 4,00000E-004 0,00000E+000
0,06800 0,00900 4,00000E-004 0,00000E+000
0,07200 0,00900 0,00000E+000 4,00000E-004
0,07600 0,00900 0,00000E+000 2,00000E-004
0,08000 0,00900 -0,00000E+000 -2,22045E-019
0,00000 0,01350 0,00000E+000 -0,00000E+000
0,00400 0,01350 0,00000E+000 -2,00000E-004
0,00800 0,01350 0,00000E+000 -4,00000E-004
0,01200 0,01350 6,00000E-004 0,00000E+000
0,01600 0,01350 6,00000E-004 0,00000E+000
0,02000 0,01350 6,00000E-004 0,00000E+000
0,02400 0,01350 6,00000E-004 0,00000E+000
0,02800 0,01350 6,00000E-004 0,00000E+000
0,03200 0,01350 6,00000E-004 0,00000E+000
0,03600 0,01350 6,00000E-004 0,00000E+000
0,04000 0,01350 6,00000E-004 0,00000E+000
0,04400 0,01350 6,00000E-004 0,00000E+000
0,04800 0,01350 6,00000E-004 0,00000E+000
0,05200 0,01350 6,00000E-004 0,00000E+000
0,05600 0,01350 6,00000E-004 0,00000E+000
0,06000 0,01350 6,00000E-004 0,00000E+000
0,06400 0,01350 6,00000E-004 0,00000E+000
0,06800 0,01350 0,00000E+000 6,00000E-004
0,07200 0,01350 0,00000E+000 4,00000E-004
0,07600 0,01350 0,00000E+000 2,00000E-004
0,08000 0,01350 -0,00000E+000 -2,22045E-019
0,00000 0,01800 0,00000E+000 -0,00000E+000
0,00400 0,01800 0,00000E+000 -2,00000E-004
0,00800 0,01800 0,00000E+000 -4,00000E-004
0,01200 0,01800 0,00000E+000 -6,00000E-004
0,01600 0,01800 8,00000E-004 0,00000E+000
0,02000 0,01800 8,00000E-004 0,00000E+000
0,02400 0,01800 8,00000E-004 0,00000E+000
0,02800 0,01800 8,00000E-004 0,00000E+000
0,03200 0,01800 8,00000E-004 0,00000E+000
0,03600 0,01800 8,00000E-004 0,00000E+000
0,04000 0,01800 8,00000E-004 0,00000E+000
0,04400 0,01800 8,00000E-004 0,00000E+000
0,04800 0,01800 8,00000E-004 0,00000E+000
0,05200 0,01800 8,00000E-004 0,00000E+000
0,05600 0,01800 8,00000E-004 0,00000E+000
0,06000 0,01800 8,00000E-004 0,00000E+000
0,06400 0,01800 0,00000E+000 8,00000E-004
0,06800 0,01800 0,00000E+000 6,00000E-004
0,07200 0,01800 0,00000E+000 4,00000E-004
0,07600 0,01800 0,00000E+000 2,00000E-004
0,08000 0,01800 -0,00000E+000 -2,22045E-019
0,00000 0,02250 0,00000E+000 -0,00000E+000
0,00400 0,02250 0,00000E+000 -2,00000E-004
0,00800 0,02250 0,00000E+000 -4,00000E-004
0,01200 0,02250 0,00000E+000 -6,00000E-004
0,01600 0,02250 0,00000E+000 -8,00000E-004
0,02000 0,02250 1,00000E-003 0,00000E+000
0,02400 0,02250 1,00000E-003 0,00000E+000
0,02800 0,02250 1,00000E-003 0,00000E+000
0,03200 0,02250 1,00000E-003 0,00000E+000
0,03600 0,02250 1,00000E-003 0,00000E+000
0,04000 0,02250 1,00000E-003 0,00000E+000
0,04400 0,02250 1,00000E-003 0,00000E+000
0,04800 0,02250 1,00000E-003 0,00000E+000
0,05200 0,02250 1,00000E-003 0,00000E+000
0,05600 0,02250 1,00000E-003 0,00000E+000
0,06000 0,02250 1,00000E-003 0,00000E+000
0,06400 0,02250 0,00000E+000 8,00000E-004
0,06800 0,02250 0,00000E+000 6,00000E-004
0,07200 0,02250 0,00000E+000 4,00000E-004
0,07600 0,02250 0,00000E+000 2,00000E-004
0,08000 0,02250 -0,00000E+000 -2,22045E-019
0,00000 0,02700 0,00000E+000 -0,00000E+000
0,00400 0,02700 0,00000E+000 -2,00000E-004
0,00800 0,02700 0,00000E+000 -4,00000E-004
0,01200 0,02700 0,00000E+000 -6,00000E-004
0,01600 0,02700 0,00000E+000 -8,00000E-004
0,02000 0,02700 0,00000E+000 -1,00000E-003
0,02400 0,02700 8,00000E-004 0,00000E+000
0,02800 0,02700 8,00000E-004 0,00000E+000
0,03200 0,02700 8,00000E-004 0,00000E+000
0,03600 0,02700 8,00000E-004 0,00000E+000
0,04000 0,02700 8,00000E-004 0,00000E+000
0,04400 0,02700 8,00000E-004 0,00000E+000
0,04800 0,02700 8,00000E-004 0,00000E+000
0,05200 0,02700 8,00000E-004 0,00000E+000
0,05600 0,02700 8,00000E-004 0,00000E+000
0,06000 0,02700 0,00000E+000 1,00000E-003
0,06400 0,02700 0,00000E+000 8,00000E-004
0,06800 0,02700 0,00000E+000 6,00000E-004
0,07200 0,02700 0,00000E+000 4,00000E-004
0,07600 0,02700 0,00000E+000 2,00000E-004
0,08000 0,02700 -0,00000E+000 -2,22045E-019
0,00000 0,03150 0,00000E+000 -0,00000E+000
0,00400 0,03150 0,00000E+000 -2,00000E-004
0,00800 0,03150 0,00000E+000 -4,00000E-004
0,01200 0,03150 0,00000E+000 -6,00000E-004
0,01600 0,03150 0,00000E+000 -8,00000E-004
0,02000 0,03150 0,00000E+000 -1,00000E-003
0,02400 0,03150 0,00000E+000 -8,00000E-004
0,02800 0,03150 6,00000E-004 0,00000E+000
0,03200 0,03150 6,00000E-004 0,00000E+000
0,03600 0,03150 6,00000E-004 0,00000E+000
0,04000 0,03150 6,00000E-004 0,00000E+000
0,04400 0,03150 6,00000E-004 0,00000E+000
0,04800 0,03150 6,00000E-004 0,00000E+000
0,05200 0,03150 6,00000E-004 0,00000E+000
0,05600 0,03150 0,00000E+000 8,00000E-004
0,06000 0,03150 0,00000E+000 1,00000E-003
0,06400 0,03150 0,00000E+000 8,00000E-004
0,06800 0,03150 0,00000E+000 6,00000E-004
0,07200 0,03150 0,00000E+000 4,00000E-004
0,07600 0,03150 0,00000E+000 2,00000E-004
0,08000 0,03150 -0,00000E+000 -2,22045E-019
0,00000 0,03600 0,00000E+000 -0,00000E+000
0,00400 0,03600 0,00000E+000 -2,00000E-004
0,00800 0,03600 0,00000E+000 -4,00000E-004
0,01200 0,03600 0,00000E+000 -6,00000E-004
0,01600 0,03600 0,00000E+000 -8,00000E-004
0,02000 0,03600 0,00000E+000 -1,00000E-003
0,02400 0,03600 0,00000E+000 -8,00000E-004
0,02800 0,03600 0,00000E+000 -6,00000E-004
0,03200 0,03600 4,00000E-004 0,00000E+000
0,03600 0,03600 4,00000E-004 0,00000E+000
0,04000 0,03600 4,00000E-004 0,00000E+000
0,04400 0,03600 4,00000E-004 0,00000E+000
0,04800 0,03600 4,00000E-004 0,00000E+000
0,05200 0,03600 0,00000E+000 6,00000E-004
0,05600 0,03600 0,00000E+000 8,00000E-004
0,06000 0,03600 0,00000E+000 1,00000E-003
0,06400 0,03600 0,00000E+000 8,00000E-004
0,06800 0,03600 0,00000E+000 6,00000E-004
0,07200 0,03600 0,00000E+000 4,00000E-004
0,07600 0,03600 0,00000E+000 2,00000E-004
0,08000 0,03600 -0,00000E+000 -2,22045E-019
0,00000 0,04050 0,00000E+000 -0,00000E+000
0,00400 0,04050 0,00000E+000 -2,00000E-004
0,00800 0,04050 0,00000E+000 -4,00000E-004
0,01200 0,04050 0,00000E+000 -6,00000E-004
0,01600 0,04050 0,00000E+000 -8,00000E-004
0,02000 0,04050 0,00000E+000 -1,00000E-003
0,02400 0,04050 0,00000E+000 -8,00000E-004
0,02800 0,04050 0,00000E+000 -6,00000E-004
0,03200 0,04050 0,00000E+000 -4,00000E-004
0,03600 0,04050 2,00000E-004 0,00000E+000
0,04000 0,04050 2,00000E-004 0,00000E+000
0,04400 0,04050 2,00000E-004 0,00000E+000
0,04800 0,04050 0,00000E+000 4,00000E-004
0,05200 0,04050 0,00000E+000 6,00000E-004
0,05600 0,04050 0,00000E+000 8,00000E-004
0,06000 0,04050 0,00000E+000 1,00000E-003
0,06400 0,04050 0,00000E+000 8,00000E-004
0,06800 0,04050 0,00000E+000 6,00000E-004
0,07200 0,04050 0,00000E+000 4,00000E-004
0,07600 0,04050 0,00000E+000 2,00000E-004
0,08000 0,04050 -0,00000E+000 -2,22045E-019
0,00000 0,04500 0,00000E+000 -0,00000E+000
0,00400 0,04500 0,00000E+000 -2,00000E-004
0,00800 0,04500 0,00000E+000 -4,00000E-004
0,01200 0,04500 0,00000E+000 -6,00000E-004
0,01600 0,04500 0,00000E+000 -8,00000E-004
0,02000 0,04500 0,00000E+000 -1,00000E-003
0,02400 0,04500 0,00000E+000 -8,00000E-004
0,02800 0,04500 0,00000E+000 -6,00000E-004
0,03200 0,04500 0,00000E+000 -4,00000E-004
0,03600 0,04500 0,00000E+000 -2,00000E-004
0,04000 0,04500 0,00000E+000 0,00000E+000
0,04400 0,04500 0,00000E+000 2,00000E-004
0,04800 0,04500 0,00000E+000 4,00000E-004
0,05200 0,04500 0,00000E+000 6,00000E-004
0,05600 0,04500 0,00000E+000 8,00000E-004
0,06000 0,04500 0,00000E+000 1,00000E-003
0,06400 0,04500 0,00000E+000 8,00000E-004
0,06800 0,04500 0,00000E+000 6,00000E-004
0,07200 0,04500 0,00000E+000 4,00000E-004
0,07600 0,04500 0,00000E+000 2,00000E-004
0,08000 0,04500 -0,00000E+000 -2,22045E-019
0,00000 0,04950 0,00000E+000 -0,00000E+000
0,00400 0,04950 0,00000E+000 -2,00000E-004
0,00800 0,04950 0,00000E+000 -4,00000E-004
0,01200 0,04950 0,00000E+000 -6,00000E-004
0,01600 0,04950 0,00000E+000 -8,00000E-004
0,02000 0,04950 0,00000E+000 -1,00000E-003
0,02400 0,04950 0,00000E+000 -8,00000E-004
0,02800 0,04950 0,00000E+000 -6,00000E-004
0,03200 0,04950 0,00000E+000 -4,00000E-004
0,03600 0,04950 0,00000E+000 -2,00000E-004
0,04000 0,04950 -2,00000E-004 0,00000E+000
0,04400 0,04950 0,00000E+000 2,00000E-004
0,04800 0,04950 0,00000E+000 4,00000E-004
0,05200 0,04950 0,00000E+000 6,00000E-004
0,05600 0,04950 0,00000E+000 8,00000E-004
0,06000 0,04950 0,00000E+000 1,00000E-003
0,06400 0,04950 0,00000E+000 8,00000E-004
0,06800 0,04950 0,00000E+000 6,00000E-004
0,07200 0,04950 0,00000E+000 4,00000E-004
0,07600 0,04950 0,00000E+000 2,00000E-004
0,08000 0,04950 -0,00000E+000 -2,22045E-019
0,00000 0,05400 0,00000E+000 -0,00000E+000
0,00400 0,05400 0,00000E+000 -2,00000E-004
0,00800 0,05400 0,00000E+000 -4,00000E-004
0,01200 0,05400 0,00000E+000 -6,00000E-004
0,01600 0,05400 0,00000E+000 -8,00000E-004
0,02000 0,05400 0,00000E+000 -1,00000E-003
0,02400 0,05400 0,00000E+000 -8,00000E-004
0,02800 0,05400 0,00000E+000 -6,00000E-004
0,03200 0,05400 0,00000E+000 -4,00000E-004
0,03600 0,05400 -4,00000E-004 0,00000E+000
0,04000 0,05400 -4,00000E-004 0,00000E+000
0,04400 0,05400 -4,00000E-004 0,00000E+000
0,04800 0,05400 0,00000E+000 4,00000E-004
0,05200 0,05400 0,00000E+000 6,00000E-004
0,05600 0,05400 0,00000E+000 8,00000E-004
0,06000 0,05400 0,00000E+000 1,00000E-003
0,06400 0,05400 0,00000E+000 8,00000E-004
0,06800 0,05400 0,00000E+000 6,00000E-004
0,07200 0,05400 0,00000E+000 4,00000E-004
0,07600 0,05400 0,00000E+000 2,00000E-004
0,08000 0,05400 -0,00000E+000 -2,22045E-019
0,00000 0,05850 0,00000E+000 -0,00000E+000
0,00400 0,05850 0,00000E+000 -2,00000E-004
0,00800 0,05850 0,00000E+000 -4,00000E-004
0,01200 0,05850 0,00000E+000 -6,00000E-004
0,01600 0,05850 0,00000E+000 -8,00000E-004
0,02000 0,05850 0,00000E+000 -1,00000E-003
0,02400 0,05850 0,00000E+000 -8,00000E-004
0,02800 0,05850 0,00000E+000 -6,00000E-004
0,03200 0,05850 -6,00000E-004 0,00000E+000
0,03600 0,05850 -6,00000E-004 0,00000E+000
0,04000 0,05850 -6,00000E-004 0,00000E+000
0,04400 0,05850 -6,00000E-004 0,00000E+000
0,04800 0,05850 -6,00000E-004 0,00000E+000
0,05200 0,05850 0,00000E+000 6,00000E-004
0,05600 0,05850 0,00000E+000 8,00000E-004
0,06000 0,05850 0,00000E+000 1,00000E-003
0,06400 0,05850 0,00000E+000 8,00000E-004
0,06800 0,05850 0,00000E+000 6,00000E-004
0,07200 0,05850 0,00000E+000 4,00000E-004
0,07600 0,05850 0,00000E+000 2,00000E-004
0,08000 0,05850 -0,00000E+000 -2,22045E-019
0,00000 0,06300 0,00000E+000 -0,00000E+000
0,00400 0,06300 0,00000E+000 -2,00000E-004
0,00800 0,06300 0,00000E+000 -4,00000E-004
0,01200 0,06300 0,00000E+000 -6,00000E-004
0,01600 0,06300 0,00000E+000 -8,00000E-004
0,02000 0,06300 0,00000E+000 -1,00000E-003
0,02400 0,06300 0,00000E+000 -8,00000E-004
0,02800 0,06300 -8,00000E-004 0,00000E+000
0,03200 0,06300 -8,00000E-004 0,00000E+000
0,03600 0,06300 -8,00000E-004 0,00000E+000
0,04000 0,06300 -8,00000E-004 0,00000E+000
0,04400 0,06300 -8,00000E-004 0,00000E+000
0,04800 0,06300 -8,00000E-004 0,00000E+000
0,05200 0,06300 -8,00000E-004 0,00000E+000
0,05600 0,06300 0,00000E+000 8,00000E-004
0,06000 0,06300 0,00000E+000 1,00000E-003
0,06400 0,06300 0,00000E+000 8,00000E-004
0,06800 0,06300 0,00000E+000 6,00000E-004
0,07200 0,06300 0,00000E+000 4,00000E-004
0,07600 0,06300 0,00000E+000 2,00000E-004
0,08000 0,06300 -0,00000E+000 -2,22045E-019
0,00000 0,06750 0,00000E+000 -0,00000E+000
0,00400 0,06750 0,00000E+000 -2,00000E-004
0,00800 0,06750 0,00000E+000 -4,00000E-004
0,01200 0,06750 0,00000E+000 -6,00000E-004
0,01600 0,06750 0,00000E+000 -8,00000E-004
0,02000 0,06750 0,00000E+000 -1,00000E-003
0,02400 0,06750 -1,00000E-003 0,00000E+000
0,02800 0,06750 -1,00000E-003 0,00000E+000
0,03200 0,06750 -1,00000E-003 0,00000E+000
0,03600 0,06750 -1,00000E-003 0,00000E+000
0,04000 0,06750 -1,00000E-003 0,00000E+000
0,04400 0,06750 -1,00000E-003 0,00000E+000
0,04800 0,06750 -1,00000E-003 0,00000E+000
0,05200 0,06750 -1,00000E-003 0,00000E+000
0,05600 0,06750 -1,00000E-003 0,00000E+000
0,06000 0,06750 0,00000E+000 1,00000E-003
0,06400 0,06750 0,00000E+000 8,00000E-004
0,06800 0,06750 0,00000E+000 6,00000E-004
0,07200 0,06750 0,00000E+000 4,00000E-004
0,07600 0,06750 0,00000E+000 2,00000E-004
0,08000 0,06750 -0,00000E+000 -2,22045E-019
0,00000 0,07200 0,00000E+000 -0,00000E+000
0,00400 0,07200 0,00000E+000 -2,00000E-004
0,00800 0,07200 0,00000E+000 -4,00000E-004
0,01200 0,07200 0,00000E+000 -6,00000E-004
0,01600 0,07200 0,00000E+000 -8,00000E-004
0,02000 0,07200 -8,00000E-004 0,00000E+000
0,02400 0,07200 -8,00000E-004 0,00000E+000
0,02800 0,07200 -8,00000E-004 0,00000E+000
0,03200 0,07200 -8,00000E-004 0,00000E+000
0,03600 0,07200 -8,00000E-004 0,00000E+000
0,04000 0,07200 -8,00000E-004 0,00000E+000
0,04400 0,07200 -8,00000E-004 0,00000E+000
0,04800 0,07200 -8,00000E-004 0,00000E+000
0,05200 0,07200 -8,00000E-004 0,00000E+000
0,05600 0,07200 -8,00000E-004 0,00000E+000
0,06000 0,07200 -8,00000E-004 0,00000E+000
0,06400 0,07200 0,00000E+000 8,00000E-004
0,06800 0,07200 0,00000E+000 6,00000E-004
0,07200 0,07200 0,00000E+000 4,00000E-004
0,07600 0,07200 0,00000E+000 2,00000E-004
0,08000 0,07200 -0,00000E+000 -2,22045E-019
0,00000 0,07650 0,00000E+000 -0,00000E+000
0,00400 0,07650 0,00000E+000 -2,00000E-004
0,00800 0,07650 0,00000E+000 -4,00000E-004
0,01200 0,07650 0,00000E+000 -6,00000E-004
0,01600 0,07650 -6,00000E-004 0,00000E+000
0,02000 0,07650 -6,00000E-004 0,00000E+000
0,02400 0,07650 -6,00000E-004 0,00000E+000
0,02800 0,07650 -6,00000E-004 0,00000E+000
0,03200 0,07650 -6,00000E-004 0,00000E+000
0,03600 0,07650 -6,00000E-004 0,00000E+000
0,04000 0,07650 -6,00000E-004 0,00000E+000
0,04400 0,07650 -6,00000E-004 0,00000E+000
0,04800 0,07650 -6,00000E-004 0,00000E+000
0,05200 0,07650 -6,00000E-004 0,00000E+000
0,05600 0,07650 -6,00000E-004 0,00000E+000
0,06000 0,07650 -6,00000E-004 0,00000E+000
0,06400 0,07650 -6,00000E-004 0,00000E+000
0,06800 0,07650 0,00000E+000 6,00000E-004
0,07200 0,07650 0,00000E+000 4,00000E-004
0,07600 0,07650 0,00000E+000 2,00000E-004
0,08000 0,07650 -0,00000E+000 -2,22045E-019
0,00000 0,08100 0,00000E+000 -0,00000E+000
0,00400 0,08100 0,00000E+000 -2,00000E-004
0,00800 0,08100 0,00000E+000 -4,00000E-004
0,01200 0,08100 -4,00000E-004 0,00000E+000
0,01600 0,08100 -4,00000E-004 0,00000E+000
0,02000 0,08100 -4,00000E-004 0,00000E+000
0,02400 0,08100 -4,00000E-004 0,00000E+000
0,02800 0,08100 -4,00000E-004 0,00000E+000
0,03200 0,08100 -4,00000E-004 0,00000E+000
0,03600 0,08100 -4,00000E-004 0,00000E+000
0,04000 0,08100 -4,00000E-004 0,00000E+000
0,04400 0,08100 -4,00000E-004 0,00000E+000
0,04800 0,08100 -4,00000E-004 0,00000E+000
0,05200 0,08100 -4,00000E-004 0,00000E+000
0,05600 0,08100 -4,00000E-004 0,00000E+000
0,06000 0,08100 -4,00000E-004 0,00000E+000
0,06400 0,08100 -4,00000E-004 0,00000E+000
0,06800 0,08100 -4,00000E-004 0,00000E+000
0,07200 0,08100 0,00000E+000 4,00000E-004
0,07600 0,08100 0,00000E+000 2,00000E-004
0,08000 0,08100 -0,00000E+000 -2,22045E-019
0,00000 0,08550 0,00000E+000 -0,00000E+000
0,00400 0,08550 0,00000E+000 -2,00000E-004
0,00800 0,08550 -2,00000E-004 0,00000E+000
0,01200 0,08550 -2,00000E-004 0,00000E+000
0,01600 0,08550 -2,00000E-004 0,00000E+000
0,02000 0,08550 -2,00000E-004 0,00000E+000
0,02400 0,08550 -2,00000E-004 0,00000E+000
0,02800 0,08550 -2,00000E-004 0,00000E+000
0,03200 0,08550 -2,00000E-004 0,00000E+000
0,03600 0,08550 -2,00000E-004 0,00000E+000
0,04000 0,08550 -2,00000E-004 0,00000E+000
0,04400 0,08550 -2,00000E-004 0,00000E+000
0,04800 0,08550 -2,00000E-004 0,00000E+000
0,05200 0,08550 -2,00000E-004 0,00000E+000
0,05600 0,08550 -2,00000E-004 0,00000E+000
0,06000 0,08550 -2,00000E-004 0,00000E+000
0,06400 0,08550 -2,00000E-004 0,00000E+000
0,06800 0,08550 -2,00000E-004 0,00000E+000
0,07200 0,08550 -2,00000E-004 0,00000E+000
0,07600 0,08550 0,00000E+000 2,00000E-004
0,08000 0,08550 -0,00000E+000 -2,22045E-019
0,00000 0,09000 0,00000E+000 -0,00000E+000
0,00400 0,09000 -3,33067E-019 0,00000E+000
0,00800 0,09000 -3,33067E-019 0,00000E+000
0,01200 0,09000 -3,33067E-019 0,00000E+000
0,01600 0,09000 -3,33067E-019 0,00000E+000
0,02000 0,09000 -3,33067E-019 0,00000E+000
0,02400 0,09000 -3,33067E-019 0,00000E+000
0,02800 0,09000 -3,33067E-019 0,00000E+000
0,03200 0,09000 -3,33067E-019 0,00000E+000
0,03600 0,09000 -3,33067E-019 0,00000E+000
0,04000 0,09000 -3,33067E-019 0,00000E+000
0,04400 0,09000 -3,33067E-019 0,00000E+000
0,04800 0,09000 -3,33067E-019 0,00000E+000
0,05200 0,09000 -3,33067E-019 0,00000E+000
0,05600 0,09000 -3,33067E-019 0,00000E+000
0,06000 0,09000 -3,33067E-019 0,00000E+000
0,06400 0,09000 -3,33067E-019 0,00000E+000
0,06800 0,09000 -3,33067E-019 0,00000E+000
0,07200 0,09000 -3,33067E-019 0,00000E+000
0,07600 0,09000 -3,33067E-019 0,00000E+000
0,08000 0,09000 -0,00000E+000 -2,22045E-019


